3.5554285714285716
3.311142857142857
3.859714285714286
4.532
4.598
3.8665714285714285
4.543714285714286
5.015428571428571
4.098571428571429
7.239142857142857
5.319714285714285
3.5385714285714287
3.968857142857143
6.650857142857143
4.756285714285714
3.264
4.140285714285715
8.764857142857142
9.329428571428572
4.98
5.083714285714286
8.398285714285715
10.340571428571428
8.273714285714286
4.224571428571428
6.026857142857143
9.477714285714285
5.738
6.224
33.29457142857143
6.619428571428571
9.597714285714286
6.095714285714286
6.263428571428571
6.77
4.346
6.984
10.803714285714285
7.735142857142857
6.710285714285714
7.256571428571428
4.482285714285714
5.027428571428572
4.333142857142857
5.160285714285714
4.868
4.163714285714286
3.427142857142857
3.902857142857143
3.5014285714285713
