7.39
6.013142857142857
8.744571428571428
6.467142857142857
7.024857142857143
8.007714285714286
6.104285714285714
7.222285714285714
6.476857142857143
7.67
6.305714285714286
7.0
4.768571428571429
5.590571428571429
5.014857142857143
4.465428571428571
5.249142857142857
4.67
6.285428571428572
4.753714285714286
8.583428571428572
4.809714285714286
7.226571428571429
4.663428571428572
5.328571428571428
6.239428571428571
4.521428571428571
4.928571428571429
4.192285714285714
4.572
4.510857142857143
4.524857142857143
4.582
3.994
4.3834285714285715
10.810285714285714
3.126
4.347428571428572
4.252857142857143
4.816857142857143
5.031714285714286
4.0522857142857145
4.490857142857143
3.254
4.498
3.9034285714285715
4.397428571428572
4.062
3.327142857142857
4.275428571428572
