12.104333333333333
9.542666666666667
15.452
10.237666666666666
9.673
10.645666666666667
11.641333333333334
8.448333333333334
7.458666666666667
11.953666666666667
10.780666666666667
10.838333333333333
8.171
6.892
8.699
8.048666666666668
7.152666666666667
6.742666666666667
6.556666666666667
6.967666666666666
5.214333333333333
7.974666666666667
10.280333333333333
7.147333333333333
5.275666666666667
7.537333333333334
6.478
5.4623333333333335
4.85
5.719666666666667
5.500333333333334
5.069
5.658666666666667
3.988
4.66
13.931
5.208
4.826333333333333
5.325333333333333
6.774
5.436
4.718
3.3916666666666666
4.245666666666667
3.945666666666667
3.6646666666666667
4.629333333333333
3.879
4.113
3.3846666666666665
