11.004666666666667
12.505
9.881666666666666
9.049
9.358
9.274
11.354666666666667
8.349666666666666
9.181666666666667
9.605
9.908666666666667
10.617666666666667
5.874
10.799
11.251
6.2556666666666665
7.847666666666667
5.967666666666666
8.856666666666667
7.800333333333334
5.518
5.977333333333333
14.799333333333333
6.9223333333333334
5.313666666666666
7.372
5.331
5.373666666666667
7.2683333333333335
5.732333333333333
5.34
6.751666666666667
5.225333333333333
4.965
3.713
14.251333333333333
7.038666666666667
5.3646666666666665
5.443333333333333
6.617666666666667
4.611
4.491333333333333
4.562666666666667
3.919
4.54
3.5993333333333335
4.639666666666667
3.6726666666666667
3.8853333333333335
3.988
