3.380857142857143
4.1497142857142855
2.540857142857143
4.757428571428571
4.223428571428571
5.207428571428571
3.331142857142857
5.904857142857143
4.954857142857143
3.9614285714285713
2.9817142857142858
5.207714285714285
3.785142857142857
4.073142857142857
4.0288571428571425
4.071428571428571
3.492857142857143
4.587428571428571
4.638285714285714
3.7405714285714287
6.672571428571429
8.569428571428572
4.8108571428571425
2.871714285714286
4.438285714285715
3.206
3.5548571428571427
3.349142857142857
3.423142857142857
7.114
4.122857142857143
4.793142857142857
4.580857142857143
5.885714285714286
3.7914285714285714
5.682857142857143
4.146571428571429
4.482
4.2705714285714285
5.722857142857142
11.435428571428572
4.552
6.018571428571429
4.401714285714286
3.496
4.692857142857143
4.472571428571428
3.430285714285714
3.8208571428571427
5.803142857142857
