4.445428571428572
3.5145714285714287
3.3505714285714285
3.884571428571429
5.214
2.8465714285714285
3.6271428571428572
6.409714285714286
3.4914285714285715
3.071142857142857
4.033142857142857
2.7197142857142858
3.7714285714285714
2.6431428571428572
2.8994285714285715
2.649714285714286
3.2874285714285714
3.338285714285714
2.9025714285714286
3.0505714285714287
3.392
2.637142857142857
3.6854285714285715
2.598
2.5694285714285714
2.5345714285714287
2.483142857142857
2.181142857142857
2.5734285714285714
2.4451428571428573
2.0602857142857145
2.6685714285714286
2.879714285714286
1.906
2.540857142857143
3.680285714285714
3.376857142857143
2.6991428571428573
2.6545714285714284
3.1068571428571428
2.6854285714285715
2.2617142857142856
2.3225714285714285
2.5322857142857145
2.3042857142857143
2.053142857142857
2.1502857142857144
2.529714285714286
2.4954285714285716
2.2934285714285716
