4.748571428571428
3.4654285714285713
4.443428571428571
5.265428571428571
5.396
3.5357142857142856
3.8914285714285715
3.612857142857143
3.4994285714285716
5.239714285714285
3.331714285714286
4.092
4.968571428571429
3.569142857142857
4.655428571428572
4.614857142857143
15.572285714285714
3.2097142857142855
3.618
11.268285714285714
6.453142857142857
4.511428571428572
5.6977142857142855
3.326285714285714
4.333714285714286
6.61
13.509714285714285
6.914285714285715
7.716571428571428
5.5522857142857145
6.434
10.318285714285715
3.9385714285714286
4.5042857142857144
5.231428571428571
6.134857142857143
7.928857142857143
5.3585714285714285
4.24
6.1082857142857145
7.594571428571428
5.964857142857142
4.661142857142857
4.849142857142857
3.362
4.3505714285714285
4.788857142857143
3.4694285714285713
4.510857142857143
3.737142857142857
