3.68
3.5734285714285714
3.918857142857143
3.955142857142857
3.926
4.4314285714285715
4.74
4.015142857142857
3.0442857142857145
3.883142857142857
2.9971428571428573
4.026571428571429
4.095714285714286
4.287714285714285
4.702285714285714
5.238571428571428
9.596571428571428
7.8342857142857145
4.127714285714286
10.83457142857143
3.6871428571428573
16.918285714285716
9.078285714285714
4.421714285714286
10.794
5.982285714285714
3.916
9.337714285714286
3.3522857142857143
4.911142857142857
3.5974285714285714
6.288
5.696571428571429
5.782857142857143
5.798857142857143
16.924
6.037142857142857
4.068
3.7448571428571427
4.017714285714286
4.58
4.741428571428571
5.340857142857143
5.086571428571428
4.664
5.932857142857143
4.306857142857143
4.206
3.952
3.8482857142857143
