3.6317142857142857
4.308857142857143
3.2897142857142856
3.644285714285714
3.73
3.528857142857143
3.186
3.5985714285714288
3.876571428571429
3.5285714285714285
4.844285714285714
6.211428571428572
3.093714285714286
4.422
3.94
3.3605714285714288
9.820571428571428
2.9754285714285715
4.281714285714286
5.614285714285714
7.442285714285714
3.7194285714285713
7.29
8.294857142857143
13.331428571428571
11.002571428571429
4.872571428571429
5.65
11.968857142857143
6.284857142857143
3.704857142857143
7.2057142857142855
25.916285714285713
4.109714285714285
17.047142857142855
27.367428571428572
28.70057142857143
23.917142857142856
8.557142857142857
4.454
16.902285714285714
12.343428571428571
4.5922857142857145
4.777428571428572
4.369142857142857
5.712
16.807714285714287
3.609142857142857
4.030857142857143
3.138857142857143
