3.212857142857143
4.268285714285715
4.105428571428572
5.4794285714285715
3.208
2.834285714285714
3.3257142857142856
3.322857142857143
3.1942857142857144
3.0282857142857145
3.128
3.261142857142857
3.121714285714286
3.7614285714285716
3.145142857142857
3.9948571428571427
3.55
2.9717142857142855
3.552857142857143
3.577142857142857
3.7745714285714285
2.7357142857142858
3.895142857142857
2.5985714285714288
2.857428571428571
2.5834285714285716
2.2565714285714287
2.3385714285714285
2.938
2.6422857142857143
2.4925714285714284
2.3105714285714285
1.8968571428571428
2.462857142857143
2.888857142857143
3.9034285714285715
2.232285714285714
3.126571428571429
2.4285714285714284
3.0588571428571427
2.809142857142857
2.3294285714285716
2.427142857142857
2.048
2.1062857142857143
2.712
2.128857142857143
2.2585714285714285
2.4802857142857144
1.989142857142857
