4.1814285714285715
3.8017142857142856
3.8962857142857144
3.8525714285714288
3.4165714285714284
3.214
3.5414285714285714
3.2711428571428574
6.147428571428572
3.0405714285714285
3.808
3.282
3.938285714285714
3.0917142857142856
4.888857142857143
5.288285714285714
3.988857142857143
6.150285714285714
4.050857142857143
3.665142857142857
5.054285714285714
2.851142857142857
4.647714285714286
4.4
3.420857142857143
3.7114285714285713
3.2014285714285715
3.123142857142857
3.3005714285714287
3.7857142857142856
4.7788571428571425
4.510285714285715
3.222857142857143
3.3005714285714287
4.614571428571429
10.611428571428572
3.7077142857142857
3.7365714285714287
3.7528571428571427
6.356857142857143
5.706285714285714
3.754857142857143
2.5988571428571428
3.291142857142857
4.050857142857143
4.298
4.966571428571428
3.6445714285714286
3.8754285714285714
3.641714285714286
