3.922
3.0325714285714285
3.2942857142857145
2.9417142857142857
4.055714285714286
3.6025714285714288
3.623428571428571
7.215142857142857
2.9531428571428573
2.9734285714285713
3.4905714285714287
3.406
3.7168571428571426
2.892
4.096857142857143
2.994285714285714
2.6622857142857144
3.584
3.166
3.35
3.612
3.2405714285714287
4.158571428571428
2.2077142857142857
2.621714285714286
2.7337142857142855
2.5108571428571427
2.3745714285714286
2.075142857142857
2.6751428571428573
2.8177142857142856
3.0357142857142856
2.6245714285714286
2.5588571428571427
2.8994285714285715
2.9954285714285716
2.938
2.4491428571428573
2.5094285714285713
3.28
3.0145714285714287
1.9897142857142858
2.636857142857143
1.9482857142857142
2.007142857142857
2.4828571428571427
2.138857142857143
2.4614285714285713
2.3062857142857145
2.3257142857142856
