-13482.0
-17286.0
-15407.0
-13713.0
-10970.0
-16654.0
-11764.0
-18981.0
-12773.0
-19676.0
-20166.0
-15701.0
-10763.0
-16141.0
-12674.0
-13682.0
-12548.0
-17585.0
-14782.0
-12288.0
-12322.0
-15860.0
-17541.0
-11370.0
-9545.0
-14144.0
-13772.0
-11632.0
-21316.0
-13832.0
-17593.0
-11980.0
-18397.0
-16041.0
-12198.0
-41265.0
-10034.0
-16972.0
-10152.0
-20053.0
-31560.0
-11989.0
-13554.0
-16012.0
-9106.0
-9546.0
-13229.0
-18501.0
-26568.0
-16144.0
-14222.0
-10500.0
-11909.0
-16088.0
-13941.0
-23962.0
-16587.0
-11242.0
-9561.0
-14272.0
-20669.0
-11761.0
-19250.0
-10009.0
-11095.0
-15446.0
-16338.0
-13906.0
-11914.0
-10928.0
-14575.0
-12178.0
-12819.0
-14189.0
-13795.0
-23206.0
-22399.0
-25681.0
-30994.0
-11112.0
-21819.0
-20320.0
-12199.0
-16864.0
-11961.0
-19749.0
-24623.0
-19545.0
-16540.0
-20367.0
-12786.0
-22853.0
-14465.0
-29893.0
-16523.0
-16916.0
-15143.0
-13082.0
-17641.0
-28844.0
-11939.0
-27182.0
-20173.0
-20930.0
-34980.0
-15604.0
-10087.0
-16553.0
-20838.0
-19330.0
-15521.0
-17430.0
-29537.0
-15002.0
-27018.0
-11823.0
-12272.0
-18652.0
-16305.0
-27091.0
-17374.0
-8523.0
-25596.0
-24525.0
-15447.0
-17421.0
-24430.0
-16001.0
-26467.0
-12792.0
-14844.0
-50183.0
-17534.0
-18475.0
-12973.0
-18186.0
-39514.0
-21829.0
-15298.0
-20910.0
-54109.0
-15865.0
-23851.0
-39243.0
-15875.0
-18084.0
-23628.0
-46006.0
-15439.0
-50399.0
-13060.0
-17885.0
-19052.0
-9606.0
-19678.0
-34788.0
-24343.0
-20321.0
-19322.0
-16135.0
-16799.0
-20405.0
-22442.0
-28781.0
-14923.0
-15380.0
-33930.0
-107219.0
-16818.0
-23914.0
-30349.0
-15835.0
-20140.0
-30845.0
-38719.0
-16655.0
-26493.0
-86222.0
-165051.0
-83266.0
-46634.0
-24028.0
-12832.0
-17999.0
-19320.0
-45837.0
-15511.0
-22750.0
-17027.0
-26906.0
-49074.0
-21904.0
-18107.0
-12709.0
-52205.0
-19940.0
-16594.0
-29639.0
-22962.0
-18072.0
