4.68975
4.19725
4.79325
6.23375
4.54675
5.833
5.33025
5.466
8.41075
5.229
7.142
4.923
6.92975
4.024
4.9695
5.7085
5.823
8.0715
4.7715
3.65925
4.7795
5.05525
6.30175
6.303
4.14925
3.22975
6.1725
4.058
5.822
4.90225
6.55
5.00175
6.2745
4.474
5.601
6.84075
3.63725
6.4425
4.7565
14.73975
6.6085
4.33125
4.9465
5.43275
5.626
6.05325
17.8005
3.9465
14.33575
7.254
4.51425
4.559
6.05175
5.4185
5.34325
7.49725
13.058
5.27375
4.55475
5.08425
14.78125
6.17525
6.88475
7.26675
10.92875
10.441
5.558
4.5955
8.37575
6.085
14.23225
11.1345
16.59275
12.33325
4.39225
6.9045
5.9045
33.1055
5.39775
7.22025
12.55625
7.40875
7.05325
6.143
5.03975
9.25625
11.1085
5.5165
18.71175
8.2045
6.671
6.28225
5.1115
20.65425
7.99925
7.0935
7.62225
6.1575
7.17375
7.07475
9.791
5.5295
8.62875
4.63975
5.9785
17.876
5.447
7.9755
6.86775
18.066
6.38775
6.30675
4.7885
8.0745
23.14125
7.1715
6.169
32.78375
4.75925
14.2145
5.839
7.58975
4.6515
17.5605
3.7235
8.73875
7.882
12.53875
26.76575
6.06575
7.5835
10.8325
4.17125
17.94875
6.07425
10.75025
7.6285
8.529
5.42
8.22675
17.41675
5.62325
10.795
7.6275
4.98175
7.7795
5.91575
14.61775
5.6375
7.69225
10.3645
5.07525
8.2345
6.181
10.193
7.481
6.31475
13.08
6.26825
6.60175
6.7535
5.587
6.00575
4.98125
6.324
4.1415
6.3395
6.333
4.65675
4.6015
4.27975
7.102
5.31125
5.63075
6.4885
6.351
4.9825
6.11925
5.6605
4.77975
6.70675
7.14275
5.23375
6.277
5.23425
6.39475
4.4805
5.35625
6.07475
5.2275
4.9385
4.95375
4.7185
4.55
4.25325
5.238
5.20675
6.975
4.07075
5.336
