-13630.0
-16748.0
-13462.0
-13812.0
-11299.0
-13473.0
-12981.0
-15437.0
-19982.0
-15751.0
-17385.0
-14133.0
-14084.0
-11174.0
-13239.0
-11615.0
-16968.0
-20734.0
-14927.0
-10045.0
-11519.0
-12471.0
-14570.0
-14764.0
-10384.0
-10860.0
-16695.0
-12346.0
-17691.0
-11040.0
-13411.0
-13015.0
-14992.0
-12531.0
-13584.0
-17217.0
-7658.0
-13786.0
-12935.0
-26375.0
-17229.0
-11478.0
-12863.0
-12647.0
-12150.0
-13594.0
-33988.0
-10625.0
-31565.0
-15574.0
-14660.0
-12020.0
-16196.0
-14277.0
-14933.0
-16351.0
-29459.0
-12598.0
-10356.0
-11540.0
-28802.0
-14650.0
-13745.0
-16615.0
-21599.0
-23291.0
-13835.0
-11575.0
-20236.0
-16326.0
-38852.0
-22861.0
-43376.0
-28902.0
-11013.0
-15486.0
-13975.0
-77680.0
-15262.0
-17398.0
-28695.0
-18832.0
-17302.0
-14028.0
-11601.0
-20853.0
-24305.0
-13534.0
-40542.0
-22064.0
-15468.0
-15479.0
-13817.0
-46547.0
-16846.0
-16334.0
-19623.0
-15877.0
-14068.0
-16585.0
-21609.0
-14279.0
-21454.0
-11501.0
-16636.0
-39463.0
-13061.0
-21689.0
-16197.0
-37789.0
-16855.0
-14264.0
-13085.0
-20281.0
-58191.0
-16238.0
-14610.0
-85874.0
-12107.0
-35655.0
-16019.0
-17930.0
-11886.0
-44968.0
-10559.0
-20845.0
-19533.0
-25914.0
-72224.0
-13813.0
-18988.0
-28200.0
-12505.0
-45776.0
-16927.0
-29694.0
-23141.0
-22948.0
-15240.0
-18885.0
-44526.0
-17390.0
-27546.0
-21944.0
-13706.0
-20677.0
-15817.0
-35451.0
-14596.0
-20835.0
-28430.0
-14551.0
-20629.0
-17037.0
-23946.0
-20388.0
-19701.0
-31466.0
-17785.0
-18476.0
-15485.0
-16155.0
-15426.0
-15208.0
-14930.0
-11403.0
-21250.0
-20682.0
-12775.0
-15559.0
-14266.0
-19800.0
-15411.0
-16060.0
-19384.0
-16010.0
-18071.0
-23965.0
-29377.0
-24673.0
-20277.0
-18856.0
-13778.0
-17114.0
-16193.0
-19827.0
-14768.0
-16521.0
-17651.0
-17423.0
-18071.0
-16734.0
-13917.0
-13539.0
-18967.0
-17692.0
-15279.0
-18464.0
-13695.0
-15421.0
