18759
16789
19173
24935
18187
23332
21321
21864
33643
20916
28568
19692
27719
16096
19878
22834
23292
32286
19086
14637
19118
20221
25207
25212
16597
12919
24690
16232
23288
19609
26200
20007
25098
17896
22404
27363
14549
25770
19026
58959
26434
17325
19786
21731
22504
24213
71202
15786
57343
29016
18057
18236
24207
21674
21373
29989
52232
21095
18219
20337
59125
24701
27539
29067
43715
41764
22232
18382
33503
24340
56929
44538
66371
49333
17569
27618
23618
132422
21591
28881
50225
29635
28213
24572
20159
37025
44434
22066
74847
32818
26684
25129
20446
82617
31997
28374
30489
24630
28695
28299
39164
22118
34515
18559
23914
71504
21788
31902
27471
72264
25551
25227
19154
32298
92565
28686
24676
131135
19037
56858
23356
30359
18606
70242
14894
34955
31528
50155
107063
24263
30334
43330
16685
71795
24297
43001
30514
34116
21680
32907
69667
22493
43180
30510
19927
31118
23663
58471
22550
30769
41458
20301
32938
24724
40772
29924
25259
52320
25073
26407
27014
22348
24023
19925
25296
16566
25358
25332
18627
18406
17119
28408
21245
22523
25954
25404
19930
24477
22642
19119
26827
28571
20935
25108
20937
25579
17922
21425
24299
20910
19754
19815
18874
18200
17013
20952
20827
27900
16283
21344
