4.75025
4.28775
5.8085
5.178
5.22975
8.58875
4.36525
6.25825
3.885
7.016
9.4935
5.78925
4.0395
6.00825
5.363
6.05075
4.6525
7.563
5.5635
5.54475
5.34175
6.923
7.6555
4.70125
3.7905
6.2635
4.27275
5.209
8.1225
6.14025
8.75025
4.33575
8.32275
5.84475
4.87225
20.3955
4.89925
8.207
4.17425
11.63325
16.25625
5.67325
5.18525
5.9305
3.98225
3.9315
6.5635
9.9445
15.33175
8.0835
5.4165
5.37875
6.616
6.49925
7.97425
11.77175
8.51325
5.3385
4.354
7.09125
10.51775
5.32325
7.7415
4.26275
4.84425
7.1865
7.50975
5.85475
5.2865
5.4195
6.088
5.8845
6.02725
6.71075
6.82375
9.94725
10.32925
10.69625
15.07525
5.502
10.92775
9.605
6.167
8.20275
5.227
8.61025
12.99225
8.572
7.679
10.177
6.369
10.92375
6.5755
14.6355
7.2045
8.3625
7.23125
5.9515
10.79625
14.69125
5.93575
16.2085
10.5285
9.41725
15.49
8.5865
4.86675
7.295
8.73375
9.3925
7.66675
7.78025
15.2535
7.2155
11.61875
5.598
6.32275
8.12525
7.95475
12.215
8.014
3.81225
13.3665
9.8905
8.9385
7.40375
12.90625
6.8885
15.055
6.2735
6.41375
25.24925
9.31475
9.61275
6.31475
7.32825
18.959
10.97475
7.09175
10.9705
27.863
7.31
10.59925
19.9495
7.539
8.7555
13.29475
22.281
7.1345
24.0265
6.48575
7.9445
8.922
4.425
10.36275
16.6755
13.03675
9.02575
9.128
8.36025
10.64175
10.435
11.47
15.24
7.342
7.3005
16.33975
46.2765
8.161
11.9215
15.16975
9.532
9.18275
17.443
17.90475
7.7845
13.507
38.05425
62.03625
36.18125
22.99425
13.601
6.76575
9.36225
8.96925
22.07275
7.69
10.93725
8.90375
12.29675
27.03225
10.3205
7.714
6.8355
24.71
9.561
7.708
13.145
11.7895
9.72575
