-15777.0
-19342.0
-12294.0
-13739.0
-9948.0
-11227.0
-14878.0
-17635.0
-12473.0
-17274.0
-23690.0
-14259.0
-11992.0
-13047.0
-13585.0
-15391.0
-18068.0
-13626.0
-13376.0
-11305.0
-13367.0
-11171.0
-15812.0
-10986.0
-11743.0
-10700.0
-15020.0
-10197.0
-12118.0
-11290.0
-12256.0
-13173.0
-17588.0
-15177.0
-11819.0
-17504.0
-7537.0
-12382.0
-13944.0
-14157.0
-12727.0
-7908.0
-12294.0
-11636.0
-10999.0
-7996.0
-12301.0
-7600.0
-12969.0
-14759.0
-12053.0
-10570.0
-13540.0
-11488.0
-11599.0
-12550.0
-12107.0
-11429.0
-7230.0
-11862.0
-16326.0
-9068.0
-9850.0
-10545.0
-10047.0
-10972.0
-9931.0
-10180.0
-12344.0
-9772.0
-12241.0
-12376.0
-8298.0
-9153.0
-10914.0
-10016.0
-8370.0
-19469.0
-11219.0
-13103.0
-13378.0
-13192.0
-8888.0
-11360.0
-9687.0
-15473.0
-13217.0
-8924.0
-13236.0
-12167.0
-10156.0
-9490.0
-7744.0
-10583.0
-11954.0
-9358.0
-8608.0
-9138.0
-10654.0
-11192.0
-6553.0
-13532.0
-8884.0
-10955.0
-9290.0
-13751.0
-7774.0
-8880.0
-8984.0
-12467.0
-10674.0
-9611.0
-9968.0
-8455.0
-14074.0
-10638.0
-7444.0
-14106.0
-10895.0
-11386.0
-7040.0
-7827.0
-9724.0
-10661.0
-9715.0
-11164.0
-12143.0
-10587.0
-13899.0
-8226.0
-11494.0
-12630.0
-7377.0
-12049.0
-8256.0
-9322.0
-8571.0
-8650.0
-7310.0
-9259.0
-11134.0
-8452.0
-8412.0
-9872.0
-9228.0
-10169.0
-10866.0
-13557.0
-8730.0
-10265.0
-8833.0
-9898.0
-8102.0
-6255.0
-11317.0
-11689.0
-10972.0
-10875.0
-11042.0
-8251.0
-11014.0
-7308.0
-7526.0
-8840.0
-7436.0
-7625.0
-7364.0
-20239.0
-7386.0
-7579.0
-10936.0
-9173.0
-7158.0
-10357.0
-12462.0
-7052.0
-5616.0
-14681.0
-18860.0
-13439.0
-12705.0
-8004.0
-7427.0
-10292.0
-7595.0
-9417.0
-8651.0
-7530.0
-7483.0
-7708.0
-11722.0
-7345.0
-7802.0
-7086.0
-9180.0
-8439.0
-7413.0
-9369.0
-7827.0
-6229.0
