5.6835
8.27225
3.992
5.0795
4.6155
4.75825
6.811
7.2635
5.52525
5.09175
8.99875
5.89575
4.416
4.88275
5.65875
7.3465
7.4725
5.2105
5.75675
3.9275
7.69525
4.27975
5.8555
4.45325
5.34925
3.86775
5.48225
4.022
4.38075
3.5955
4.518
5.52125
3.84675
5.14075
4.89275
7.39675
3.42475
4.9725
5.87575
5.4615
5.962
3.166
4.4795
3.83975
4.6215
3.38825
5.49675
3.59025
7.11275
6.10225
5.1875
4.324
4.8175
5.4565
5.6025
4.76125
4.3635
4.0695
3.16075
4.51225
4.5745
3.923
3.745
4.593
3.724
3.99675
4.0985
4.34975
4.52425
3.733
3.35825
4.80075
3.215
3.71675
4.1875
3.76
4.15475
8.0185
3.29175
5.10825
5.671
4.678
3.197
3.42475
3.76025
5.64875
4.98975
3.36025
5.0695
4.9845
3.7155
3.407
3.52625
3.78775
3.64825
3.6485
3.55875
3.773
5.32625
4.67375
2.807
4.997
2.92575
4.14425
3.1575
4.857
2.4705
3.76775
2.82225
4.32025
3.139
3.47225
3.38975
2.88775
5.4835
3.75775
3.388
3.17625
3.93725
2.811
3.01125
2.96025
3.09925
3.1165
3.34775
4.1435
4.34825
4.05575
3.87675
2.61925
3.6015
3.89175
2.68925
3.827
2.53175
2.86125
2.776
3.218
2.918
3.18925
3.8545
2.849
2.92275
2.78375
3.25375
3.2235
3.6915
3.444
3.21525
3.3415
2.8805
3.6395
2.9485
2.396
4.73225
3.0885
3.76125
4.097
2.9105
2.90075
3.882
2.3885
2.62175
2.94975
2.8335
3.1015
2.91475
3.608
2.50425
2.4875
3.331
3.617
2.5625
3.4195
3.5015
2.63175
2.1655
3.818
2.96025
2.905
3.1825
3.52175
2.612
3.604
2.5825
2.71025
2.94225
2.475
2.504
2.87125
2.4855
2.38425
2.5295
2.843
2.608
2.849
2.5835
2.63825
2.80175
2.2975
