22734
33089
15968
20318
18462
19033
27244
29054
22101
20367
35995
23583
17664
19531
22635
29386
29890
20842
23027
15710
30781
17119
23422
17813
21397
15471
21929
16088
17523
14382
18072
22085
15387
20563
19571
29587
13699
19890
23503
21846
23848
12664
17918
15359
18486
13553
21987
14361
28451
24409
20750
17296
19270
21826
22410
19045
17454
16278
12643
18049
18298
15692
14980
18372
14896
15987
16394
17399
18097
14932
13433
19203
12860
14867
16750
15040
16619
32074
13167
20433
22684
18712
12788
13699
15041
22595
19959
13441
20278
19938
14862
13628
14105
15151
14593
14594
14235
15092
21305
18695
11228
19988
11703
16577
12630
19428
9882
15071
11289
17281
12556
13889
13559
11551
21934
15031
13552
12705
15749
11244
12045
11841
12397
12466
13391
16574
17393
16223
15507
10477
14406
15567
10757
15308
10127
11445
11104
12872
11672
12757
15418
11396
11691
11135
13015
12894
14766
13776
12861
13366
11522
14558
11794
9584
18929
12354
15045
16388
11642
11603
15528
9554
10487
11799
11334
12406
11659
14432
10017
9950
13324
14468
10250
13678
14006
10527
8662
15272
11841
11620
12730
14087
10448
14416
10330
10841
11769
9900
10016
11485
9942
9537
10118
11372
10432
11396
10334
10553
11207
9190
