19001
17151
23234
20712
20919
34355
17461
25033
15540
28064
37974
23157
16158
24033
21452
24203
18610
30252
22254
22179
21367
27692
30622
18805
15162
25054
17091
20836
32490
24561
35001
17343
33291
23379
19489
81582
19597
32828
16697
46533
65025
22693
20741
23722
15929
15726
26254
39778
61327
32334
21666
21515
26464
25997
31897
47087
34053
21354
17416
28365
42071
21293
30966
17051
19377
28746
30039
23419
21146
21678
24352
23538
24109
26843
27295
39789
41317
42785
60301
22008
43711
38420
24668
32811
20908
34441
51969
34288
30716
40708
25476
43695
26302
58542
28818
33450
28925
23806
43185
58765
23743
64834
42114
37669
61960
34346
19467
29180
34935
37570
30667
31121
61014
28862
46475
22392
25291
32501
31819
48860
32056
15249
53466
39562
35754
29615
51625
27554
60220
25094
25655
100997
37259
38451
25259
29313
75836
43899
28367
43882
111452
29240
42397
79798
30156
35022
53179
89124
28538
96106
25943
31778
35688
17700
41451
66702
52147
36103
36512
33441
42567
41740
45880
60960
29368
29202
65359
185106
32644
47686
60679
38128
36731
69772
71619
31138
54028
152217
248145
144725
91977
54404
27063
37449
35877
88291
30760
43749
35615
49187
108129
41282
30856
27342
98840
38244
30832
52580
47158
38903
