5.84375
7.01325
5.8935
5.744
4.0145
5.567
8.24175
4.044
5.15225
5.66475
6.20825
3.8585
5.1625
4.9095
7.245
4.745
4.86725
4.411
5.6585
4.91775
10.90875
3.9435
5.56025
4.19725
4.763
4.32425
5.8655
3.5455
3.41425
4.001
4.35275
6.10075
4.268
4.93625
5.05175
5.9605
4.1365
4.5705
6.494
5.549
4.3855
3.53075
3.87075
4.271
3.88475
4.15225
8.52825
3.81525
7.09175
4.8055
4.3215
4.53
3.7695
4.3905
4.08825
5.733
5.49375
4.93725
2.72625
4.2015
6.4225
4.3065
4.0805
3.636
4.222
4.5785
4.42175
3.819
5.43625
3.59625
4.00625
4.8735
4.00625
3.57325
4.08275
4.91675
5.26325
6.224
3.93025
2.95125
4.72975
3.8155
3.957
4.0465
4.07425
5.6185
5.33975
3.313
5.91625
6.1835
4.21875
3.41325
2.93675
5.1095
4.2735
4.0905
3.909
3.8945
6.06875
4.06725
3.836
4.92875
4.12775
4.6525
4.10975
4.68
3.1575
3.6295
3.9705
4.4615
3.96975
4.07425
4.48625
3.35
5.10675
3.3895
4.1095
4.23725
3.55825
4.442
3.5985
3.4535
3.9475
3.188
4.3275
3.29375
4.8475
4.65675
3.8655
3.78325
3.76225
3.66
3.5305
4.43625
2.75475
3.19425
3.3015
3.7
3.00125
2.72075
4.124
2.7875
3.233
3.439
3.429
3.957
3.28875
3.8135
2.791
4.4345
3.41025
3.253
3.43525
3.031
3.80525
3.0985
2.74125
3.91475
3.0005
3.90025
4.66625
2.65125
3.107
2.52625
3.24875
3.9485
2.97175
4.2685
3.49025
2.99825
4.029
2.86925
2.96025
3.52475
2.36775
3.326
2.947
4.745
3.41275
2.646
3.41275
2.99575
2.24225
3.419
3.34525
3.1985
3.1075
2.34775
3.373
3.745
3.01275
2.97075
3.08825
3.471
2.92675
3.3225
3.05575
5.00325
3.62175
3.60125
