-13667.0
-18793.0
-16907.0
-20316.0
-10920.0
-14724.0
-21252.0
-13254.0
-12817.0
-14955.0
-14598.0
-9722.0
-17040.0
-12679.0
-14746.0
-12721.0
-13548.0
-14088.0
-17397.0
-13431.0
-20656.0
-13837.0
-17568.0
-16105.0
-13710.0
-17921.0
-14188.0
-9006.0
-14174.0
-12905.0
-12660.0
-17202.0
-18715.0
-14804.0
-14514.0
-18192.0
-12913.0
-12581.0
-17972.0
-24497.0
-12496.0
-10069.0
-16228.0
-12337.0
-14990.0
-15143.0
-16793.0
-10841.0
-22110.0
-31337.0
-12333.0
-16552.0
-12619.0
-14088.0
-19166.0
-16211.0
-24443.0
-25161.0
-13640.0
-12746.0
-46357.0
-19171.0
-12458.0
-11467.0
-13151.0
-13540.0
-12094.0
-14716.0
-13118.0
-13235.0
-9551.0
-16619.0
-13002.0
-12540.0
-11219.0
-12051.0
-12191.0
-28866.0
-21631.0
-22614.0
-15735.0
-12887.0
-17239.0
-21983.0
-14322.0
-20585.0
-37234.0
-15583.0
-16734.0
-20279.0
-18199.0
-18168.0
-10476.0
-22004.0
-16498.0
-21275.0
-11111.0
-11601.0
-36038.0
-18458.0
-9512.0
-27393.0
-12705.0
-22565.0
-10982.0
-28011.0
-12592.0
-11050.0
-33422.0
-39637.0
-23892.0
-27828.0
-25062.0
-44027.0
-19954.0
-12001.0
-19525.0
-32897.0
-11421.0
-16760.0
-12741.0
-14545.0
-15575.0
-29959.0
-20894.0
-28812.0
-16186.0
-25137.0
-25318.0
-15294.0
-16442.0
-34564.0
-11736.0
-12541.0
-12908.0
-19865.0
-16404.0
-16338.0
-26180.0
-13814.0
-31024.0
-15823.0
-16383.0
-19657.0
-18836.0
-11272.0
-45511.0
-30220.0
-18612.0
-26883.0
-24489.0
-16622.0
-27019.0
-12138.0
-19676.0
-31890.0
-13691.0
-14993.0
-28884.0
-20089.0
-20605.0
-18874.0
-18076.0
-18019.0
-12236.0
-19893.0
-15778.0
-23230.0
-11651.0
-15282.0
-15051.0
-18455.0
-10521.0
-13356.0
-18589.0
-9632.0
-11248.0
-17369.0
-20584.0
-10197.0
-17502.0
-17642.0
-13247.0
-35775.0
-10884.0
-11680.0
-32041.0
-9479.0
-13701.0
-18264.0
-21878.0
-19853.0
-11959.0
-11851.0
-10071.0
-38646.0
-9856.0
-11283.0
-9840.0
-11979.0
