-14051.0
-18870.0
-16599.0
-17820.0
-12370.0
-13116.0
-13863.0
-16336.0
-12917.0
-14203.0
-18021.0
-11695.0
-19534.0
-13303.0
-12509.0
-13414.0
-11674.0
-16823.0
-23018.0
-13936.0
-15638.0
-14877.0
-20011.0
-15709.0
-13842.0
-17237.0
-15522.0
-12943.0
-15372.0
-17630.0
-12901.0
-22249.0
-21772.0
-16951.0
-13834.0
-22769.0
-13143.0
-11594.0
-15415.0
-33943.0
-28219.0
-8337.0
-15891.0
-10785.0
-24031.0
-15092.0
-14580.0
-16511.0
-36746.0
-56885.0
-24490.0
-19931.0
-17164.0
-16857.0
-29433.0
-16595.0
-40440.0
-20215.0
-19597.0
-13211.0
-54790.0
-23030.0
-15690.0
-14999.0
-17150.0
-18881.0
-12883.0
-26169.0
-13416.0
-19627.0
-10721.0
-28638.0
-17623.0
-12740.0
-20261.0
-11036.0
-19821.0
-65311.0
-35306.0
-41084.0
-18832.0
-16541.0
-22445.0
-30931.0
-15972.0
-24400.0
-44576.0
-19973.0
-19796.0
-33263.0
-25994.0
-33957.0
-14856.0
-39484.0
-20225.0
-25242.0
-16104.0
-20965.0
-45366.0
-31128.0
-17380.0
-37801.0
-14655.0
-37296.0
-13117.0
-39683.0
-16936.0
-21275.0
-53805.0
-71950.0
-33397.0
-56789.0
-33410.0
-49551.0
-45653.0
-13842.0
-48816.0
-44838.0
-14600.0
-20272.0
-34904.0
-15994.0
-17039.0
-51583.0
-26412.0
-48292.0
-39220.0
-45983.0
-44941.0
-18343.0
-24153.0
-46299.0
-16334.0
-16815.0
-20733.0
-35157.0
-21817.0
-45090.0
-42776.0
-24777.0
-60458.0
-25189.0
-34665.0
-31884.0
-24869.0
-15038.0
-86324.0
-44353.0
-23438.0
-55621.0
-28622.0
-50383.0
-51363.0
-22928.0
-34100.0
-39879.0
-24219.0
-22939.0
-51206.0
-41359.0
-26145.0
-35709.0
-26808.0
-25487.0
-22708.0
-37873.0
-26105.0
-37286.0
-19021.0
-24504.0
-23659.0
-32781.0
-15318.0
-16331.0
-24079.0
-14459.0
-15222.0
-24026.0
-32115.0
-15876.0
-24963.0
-36054.0
-15431.0
-57343.0
-17440.0
-16444.0
-49517.0
-15799.0
-21471.0
-34152.0
-35500.0
-29246.0
-15855.0
-20217.0
-14145.0
-53224.0
-13605.0
-15520.0
-13030.0
-15547.0
