-14081.0
-16653.0
-17711.0
-15714.0
-9812.0
-18317.0
-19441.0
-25101.0
-13558.0
-13151.0
-15451.0
-11601.0
-19004.0
-12319.0
-13712.0
-14997.0
-12248.0
-16102.0
-17924.0
-16251.0
-13144.0
-18093.0
-30566.0
-17041.0
-13259.0
-14332.0
-17810.0
-13907.0
-14465.0
-16496.0
-15396.0
-19135.0
-15548.0
-16323.0
-15603.0
-19964.0
-12582.0
-12770.0
-14259.0
-24228.0
-35344.0
-11067.0
-14963.0
-11533.0
-22114.0
-17101.0
-27978.0
-15493.0
-32825.0
-32758.0
-26311.0
-18726.0
-19463.0
-15079.0
-27210.0
-16999.0
-33918.0
-20844.0
-18799.0
-14937.0
-37646.0
-19849.0
-13324.0
-14661.0
-16952.0
-23556.0
-21644.0
-22957.0
-12162.0
-18006.0
-10243.0
-34268.0
-47885.0
-20839.0
-15246.0
-10868.0
-20298.0
-51632.0
-26257.0
-30314.0
-33576.0
-16205.0
-25598.0
-21087.0
-14238.0
-19928.0
-23248.0
-16484.0
-15055.0
-45202.0
-20815.0
-23180.0
-17778.0
-55359.0
-16751.0
-20030.0
-14746.0
-19967.0
-38940.0
-26191.0
-19720.0
-23122.0
-28578.0
-30820.0
-25098.0
-52045.0
-15383.0
-19538.0
-33298.0
-44034.0
-23595.0
-36172.0
-28847.0
-25620.0
-40405.0
-18921.0
-41227.0
-41620.0
-18599.0
-20238.0
-35647.0
-18183.0
-17547.0
-35934.0
-22558.0
-37624.0
-35114.0
-46620.0
-49250.0
-16428.0
-20256.0
-42038.0
-16818.0
-29910.0
-21870.0
-31289.0
-20877.0
-39280.0
-32245.0
-19997.0
-53006.0
-19955.0
-28857.0
-24336.0
-19540.0
-14185.0
-48804.0
-33627.0
-35186.0
-38080.0
-18604.0
-51598.0
-38361.0
-19226.0
-29498.0
-20913.0
-22444.0
-17298.0
-41450.0
-32407.0
-36388.0
-25138.0
-16249.0
-23161.0
-17363.0
-30401.0
-23195.0
-22677.0
-19284.0
-22968.0
-16276.0
-21587.0
-14992.0
-22969.0
-19100.0
-13877.0
-14844.0
-23230.0
-26607.0
-16946.0
-18090.0
-27896.0
-14959.0
-35931.0
-14931.0
-14841.0
-35531.0
-13688.0
-20173.0
-27400.0
-20633.0
-19825.0
-13740.0
-18595.0
-14244.0
-32016.0
-13589.0
-16469.0
-13404.0
-13546.0
