4.9965
5.10425
6.259
7.6685
4.8535
5.32475
4.95275
6.63625
6.19025
4.95425
7.8465
5.03475
8.71875
5.48525
4.86675
5.903
4.093
6.83325
9.43925
5.55925
8.5235
5.32175
8.5385
4.33925
5.42975
7.56175
5.421
5.0315
6.24275
6.3525
4.9255
7.45425
9.16475
6.7485
5.44975
10.46125
5.37075
4.82225
5.54275
15.021
12.9265
3.96625
5.65425
4.4125
9.66575
6.6555
6.994
6.55225
13.94425
23.8205
9.33225
7.30075
8.24625
7.26375
10.8195
5.80475
16.63825
7.112
8.03225
5.67375
18.2635
9.3005
6.4145
5.021
6.59
6.1925
5.146
10.71025
5.5505
7.83
4.3365
12.6965
6.32525
5.76825
9.124
4.345
6.846
24.28825
14.00525
18.0815
9.996
6.4305
7.684
11.14825
6.0835
11.86675
19.31
9.453
7.25225
11.926
10.1685
11.32475
6.006
15.3685
8.1445
11.188
5.699
7.82525
19.33575
12.16925
7.27375
15.301
5.968
13.0445
4.72975
15.67
5.7245
8.3695
19.1015
26.4605
11.83725
19.24875
12.072
20.66975
16.3035
4.71375
17.667
17.0055
5.3755
7.53875
12.574
7.281
6.5825
20.31625
9.89125
19.959
14.916
15.9065
19.1515
8.19075
7.78025
21.111
5.746
6.39925
7.53075
12.91075
6.9545
14.6395
16.93725
9.125
27.82225
9.59525
12.273
10.39825
9.5425
5.0305
32.90975
19.58325
8.9965
21.1295
11.91375
19.44925
19.71875
7.309
12.3145
15.5095
8.16225
7.43025
20.30175
13.57875
8.9205
10.782
9.59225
9.493
7.46825
12.68925
8.9155
13.51775
6.18675
9.6505
7.05425
10.58225
5.29975
5.45525
7.5865
4.821
5.10475
7.95475
12.1585
5.55
8.3865
12.34675
6.5735
21.913
5.7785
5.221
20.61575
4.8415
6.5695
11.7455
12.83375
10.83625
5.83825
6.32125
5.06425
21.70175
4.53
5.002
4.89825
4.9565
