21258
15294
28364
18804
15078
27100
30786
35240
23082
19142
29064
18450
25641
19079
19827
20893
20912
20800
15467
25534
22503
28409
53203
27592
19440
23458
23658
20147
17408
20269
18344
24296
18450
19655
22102
36828
17306
19355
19899
26693
26514
18231
22966
20035
19407
25430
52448
19913
33980
17771
19390
22685
17544
22821
53373
30161
22647
23987
22308
17728
66293
24014
17615
22362
25515
29020
32956
18552
16068
20832
16409
40680
72985
36493
15589
15352
20953
21500
16755
17330
47841
24313
36881
18696
18035
32390
28115
21449
21336
66289
30189
18873
25011
83699
16695
19862
14311
18912
41175
31593
16945
22753
50683
24720
36252
88393
19263
18214
22350
28582
16955
17890
26414
15586
38099
23428
20500
58203
25338
20060
28374
24448
22722
22612
20458
15179
37326
50777
54135
16600
19228
50390
18364
40892
23099
30706
22160
25895
21977
19719
27323
16585
18823
18587
15204
18586
17848
28260
46214
19569
14453
22254
16725
19479
26319
16923
20121
23538
16756
20265
53210
19547
15703
27848
14419
18210
22502
20976
18458
18498
18972
17838
15972
33083
23077
14525
17549
25052
28179
17088
21555
21047
16601
19216
15578
15732
21430
16054
20778
17888
17356
17745
15757
16813
16574
18373
16494
19598
16431
16038
