19986
20417
25036
30674
19414
21299
19811
26545
24761
19817
31386
20139
34875
21941
19467
23612
16372
27333
37757
22237
34094
21287
34154
17357
21719
30247
21684
20126
24971
25410
19702
29817
36659
26994
21799
41845
21483
19289
22171
60084
51706
15865
22617
17650
38663
26622
27976
26209
55777
95282
37329
29203
32985
29055
43278
23219
66553
28448
32129
22695
73054
37202
25658
20084
26360
24770
20584
42841
22202
31320
17346
50786
25301
23073
36496
17380
27384
97153
56021
72326
39984
25722
30736
44593
24334
47467
77240
37812
29009
47704
40674
45299
24024
61474
32578
44752
22796
31301
77343
48677
29095
61204
23872
52178
18919
62680
22898
33478
76406
105842
47349
76995
48288
82679
65214
18855
70668
68022
21502
30155
50296
29124
26330
81265
39565
79836
59664
63626
76606
32763
31121
84444
22984
25597
30123
51643
27818
58558
67749
36500
111289
38381
49092
41593
38170
20122
131639
78333
35986
84518
47655
77797
78875
29236
49258
62038
32649
29721
81207
54315
35682
43128
38369
37972
29873
50757
35662
54071
24747
38602
28217
42329
21199
21821
30346
19284
20419
31819
48634
22200
33546
49387
26294
87652
23114
20884
82463
19366
26278
46982
51335
43345
23353
25285
20257
86807
18120
20008
19593
19826
