5.3145
3.8235
7.091
4.701
3.7695
6.775
7.6965
8.81
5.7705
4.7855
7.266
4.6125
6.41025
4.76975
4.95675
5.22325
5.228
5.2
3.86675
6.3835
5.62575
7.10225
13.30075
6.898
4.86
5.8645
5.9145
5.03675
4.352
5.06725
4.586
6.074
4.6125
4.91375
5.5255
9.207
4.3265
4.83875
4.97475
6.67325
6.6285
4.55775
5.7415
5.00875
4.85175
6.3575
13.112
4.97825
8.495
4.44275
4.8475
5.67125
4.386
5.70525
13.34325
7.54025
5.66175
5.99675
5.577
4.432
16.57325
6.0035
4.40375
5.5905
6.37875
7.255
8.239
4.638
4.017
5.208
4.10225
10.17
18.24625
9.12325
3.89725
3.838
5.23825
5.375
4.18875
4.3325
11.96025
6.07825
9.22025
4.674
4.50875
8.0975
7.02875
5.36225
5.334
16.57225
7.54725
4.71825
6.25275
20.92475
4.17375
4.9655
3.57775
4.728
10.29375
7.89825
4.23625
5.68825
12.67075
6.18
9.063
22.09825
4.81575
4.5535
5.5875
7.1455
4.23875
4.4725
6.6035
3.8965
9.52475
5.857
5.125
14.55075
6.3345
5.015
7.0935
6.112
5.6805
5.653
5.1145
3.79475
9.3315
12.69425
13.53375
4.15
4.807
12.5975
4.591
10.223
5.77475
7.6765
5.54
6.47375
5.49425
4.92975
6.83075
4.14625
4.70575
4.64675
3.801
4.6465
4.462
7.065
11.5535
4.89225
3.61325
5.5635
4.18125
4.86975
6.57975
4.23075
5.03025
5.8845
4.189
5.06625
13.3025
4.88675
3.92575
6.962
3.60475
4.5525
5.6255
5.244
4.6145
4.6245
4.743
4.4595
3.993
8.27075
5.76925
3.63125
4.38725
6.263
7.04475
4.272
5.38875
5.26175
4.15025
4.804
3.8945
3.933
5.3575
4.0135
5.1945
4.472
4.339
4.43625
3.93925
4.20325
4.1435
4.59325
4.1235
4.8995
4.10775
4.0095
