23375
28053
23574
22976
16058
22268
32967
16176
20609
22659
24833
15434
20650
19638
28980
18980
19469
17644
22634
19671
43635
15774
22241
16789
19052
17297
23462
14182
13657
16004
17411
24403
17072
19745
20207
23842
16546
18282
25976
22196
17542
14123
15483
17084
15539
16609
34113
15261
28367
19222
17286
18120
15078
17562
16353
22932
21975
19749
10905
16806
25690
17226
16322
14544
16888
18314
17687
15276
21745
14385
16025
19494
16025
14293
16331
19667
21053
24896
15721
11805
18919
15262
15828
16186
16297
22474
21359
13252
23665
24734
16875
13653
11747
20438
17094
16362
15636
15578
24275
16269
15344
19715
16511
18610
16439
18720
12630
14518
15882
17846
15879
16297
17945
13400
20427
13558
16438
16949
14233
17768
14394
13814
15790
12752
17310
13175
19390
18627
15462
15133
15049
14640
14122
17745
11019
12777
13206
14800
12005
10883
16496
11150
12932
13756
13716
15828
13155
15254
11164
17738
13641
13012
13741
12124
15221
12394
10965
15659
12002
15601
18665
10605
12428
10105
12995
15794
11887
17074
13961
11993
16116
11477
11841
14099
9471
13304
11788
18980
13651
10584
13651
11983
8969
13676
13381
12794
12430
9391
13492
14980
12051
11883
12353
13884
11707
13290
12223
20013
14487
14405
