3.861428571428571
4.175714285714286
3.988
4.44
4.645142857142857
3.0642857142857145
4.039714285714286
4.933714285714285
3.7417142857142855
4.176857142857143
2.962
5.848285714285714
3.6465714285714284
3.862
6.3745714285714286
5.214571428571428
18.127714285714287
14.309714285714286
6.740571428571428
5.017142857142857
5.444
7.161714285714286
19.131714285714285
5.432285714285714
5.723428571428571
16.02657142857143
21.696285714285715
9.154571428571428
14.421142857142858
9.375142857142857
7.079714285714286
8.388571428571428
22.667714285714286
17.21485714285714
14.274571428571429
24.469428571428573
12.19057142857143
28.004857142857144
58.51542857142857
20.348285714285716
21.664285714285715
16.108285714285714
56.44942857142857
63.92771428571429
33.17657142857143
44.16428571428571
64.27685714285714
42.226
17.030285714285714
34.18371428571429
