4.296
3.7445714285714287
3.8014285714285716
3.815142857142857
3.7317142857142858
3.63
3.9691428571428573
4.098857142857143
4.005428571428571
3.101142857142857
3.906285714285714
5.232857142857143
4.0682857142857145
3.524
3.307142857142857
4.128857142857143
4.845428571428571
5.465714285714285
3.0062857142857142
7.3837142857142855
11.556571428571429
5.746857142857142
7.477714285714286
9.286285714285714
5.662857142857143
7.594285714285714
4.820285714285714
4.898
5.919714285714286
5.406285714285715
4.014571428571428
5.911428571428571
5.701714285714286
5.798857142857143
4.0528571428571425
3.6865714285714284
4.291428571428572
3.580857142857143
4.686857142857143
6.153714285714286
7.691714285714285
4.4951428571428576
3.988
3.722
4.3911428571428575
4.206857142857143
3.856
3.625714285714286
4.090571428571429
3.596
