4.419714285714286
3.058
3.934285714285714
5.273428571428571
4.622285714285714
3.200285714285714
3.3488571428571428
3.538
3.5717142857142856
3.7671428571428573
3.7522857142857142
2.8514285714285714
3.056857142857143
2.694
3.7062857142857144
4.098571428571429
2.931142857142857
3.8354285714285714
3.206857142857143
3.5094285714285713
6.502
3.262857142857143
3.589714285714286
2.4371428571428573
3.3214285714285716
2.632
2.8802857142857143
2.5642857142857145
2.753142857142857
3.6077142857142857
2.7137142857142855
2.656285714285714
2.1654285714285715
2.4874285714285715
2.57
3.6094285714285714
2.830285714285714
2.5668571428571427
3.0877142857142856
3.5942857142857143
4.167428571428571
2.875142857142857
2.698
2.124
1.9894285714285713
2.2174285714285715
2.5034285714285716
3.423714285714286
2.9397142857142855
3.024
