9.68
9.15857142857143
8.572857142857142
20.829714285714285
10.85057142857143
15.188857142857144
7.777428571428572
5.062
7.210285714285714
7.964571428571428
15.427714285714286
12.420571428571428
9.127714285714285
8.209714285714286
9.992
6.809428571428572
8.114857142857144
13.401428571428571
11.736
12.428857142857144
12.743142857142857
5.764
21.384857142857143
11.393714285714285
10.347428571428571
11.698571428571428
12.276857142857143
9.442857142857143
9.026857142857143
9.830857142857143
6.7545714285714284
26.31
5.441428571428571
8.916571428571428
14.458
7.731142857142857
6.501142857142857
10.354857142857142
6.7622857142857145
18.178285714285714
9.670857142857143
8.494
5.202
7.127714285714286
6.632285714285715
5.554571428571428
27.66
9.508285714285714
5.635142857142857
5.274857142857143
