69033
79174
69325
63211
70219
70849
78726
88035
57135
53152
56955
73672
94203
69974
85500
54677
81158
99554
72788
59265
128478
594641
88284
74801
79030
59460
102587
104840
72300
102693
78463
88991
78527
72372
92847
83303
66642
82608
113154
104958
117398
94122
119296
77679
78004
73179
102492
142546
54190
73140
65391
81558
152703
75176
83566
49112
121642
104182
120550
67978
93606
104137
113362
107808
105276
75842
109179
143251
94768
104660
113100
140509
73160
89469
79667
70099
79884
119447
92242
105062
85601
68998
94369
94819
76046
94911
74712
75147
69358
93592
98566
72300
62246
61219
60445
64019
78989
68575
68774
61796
