20.224
14.1944
20.3192
21.926
15.9688
18.3768
17.01
13.0036
20.6164
21.996
19.7848
20.8624
17.0276
23.2788
16.112
22.27
18.8576
19.2424
21.0648
20.9284
18.5308
19.0068
27.8444
22.4384
22.3808
18.3684
22.918
15.5348
20.4352
12.9432
18.072
19.8192
19.7584
20.2188
17.9188
26.7356
28.4456
20.52
22.4256
21.4768
17.6628
18.9064
22.2956
33.9768
24.6028
22.576
19.26
26.8868
30.8888
21.6936
30.1984
30.9164
24.7908
28.7356
24.0208
34.746
20.3736
27.6624
23.5884
27.9368
39.2248
20.1416
22.29
19.3804
21.28
31.9612
19.0024
20.2516
21.73
32.264
19.944
20.366
22.1428
47.0476
22.17
20.6184
49.634
20.3448
18.5076
45.3492
20.5528
28.5364
17.3756
32.5872
20.666
18.8084
25.1324
15.8108
16.9424
23.6352
15.3548
19.6956
16.8448
17.72
18.65
17.8412
13.9532
17.7436
16.5752
17.7348
