17.7156
15.6076
12.7128
20.418
19.6584
20.5244
15.0556
22.4464
22.4452
22.4124
21.7204
27.9184
17.6136
17.728
15.1808
17.4432
22.6668
17.6144
19.5248
15.9276
20.5488
17.5088
22.2704
21.0764
16.7616
18.8992
24.5072
22.1268
23.6764
22.6628
17.8268
16.3976
18.332
21.9876
36.182
22.312
17.1376
18.9476
24.2196
21.8708
25.9228
19.2184
22.7412
22.1468
24.9216
28.0508
26.5028
25.9428
22.8824
17.7192
37.322
20.2356
28.0824
22.098
25.504
22.7784
14.706
19.4968
29.5336
26.144
25.28
23.1096
20.8236
23.9988
25.9732
18.8976
38.2924
15.804
26.274
20.3352
25.1588
28.3156
15.4276
16.7908
18.9336
20.9472
20.0612
18.7628
19.2304
23.996
15.7812
18.5552
23.9528
24.9984
14.5968
21.6192
15.9588
18.0636
20.16
18.502
21.0812
15.3016
18.1736
17.2716
18.2612
21.264
19.784
20.2668
18.5696
18.9144
