-40863.0
-40495.0
-37835.0
-46144.0
-40771.0
-39747.0
-38107.0
-42434.0
-48507.0
-39583.0
-39202.0
-46148.0
-47562.0
-50423.0
-45840.0
-42819.0
-51263.0
-55764.0
-51285.0
-40950.0
-52633.0
-44857.0
-80709.0
-59280.0
-48840.0
-33964.0
-52270.0
-49754.0
-43690.0
-49165.0
-38242.0
-55011.0
-52825.0
-39879.0
-54839.0
-54877.0
-75439.0
-48441.0
-70693.0
-65432.0
-64966.0
-48640.0
-65840.0
-87807.0
-64646.0
-50908.0
-70398.0
-73435.0
-74489.0
-50868.0
-69047.0
-85906.0
-78206.0
-68372.0
-72092.0
-85487.0
-70880.0
-78075.0
-78464.0
-92794.0
-103337.0
-69847.0
-58797.0
-63470.0
-58033.0
-80010.0
-71062.0
-75568.0
-60931.0
-87422.0
-64895.0
-76470.0
-56177.0
-122938.0
-65911.0
-90053.0
-129532.0
-65084.0
-64836.0
-111941.0
-65933.0
-77803.0
-59242.0
-97900.0
-71581.0
-72034.0
-75302.0
-47996.0
-50986.0
-74163.0
-65014.0
-57635.0
-51051.0
-51188.0
-54176.0
-48574.0
-54687.0
-58140.0
-52491.0
-52329.0
