27.6132
31.6696
27.73
25.2844
28.0876
28.3396
31.4904
35.214
22.854
21.2608
22.782
29.4688
37.6812
27.9896
34.2
21.8708
32.4632
39.8216
29.1152
23.706
51.3912
237.8564
35.3136
29.9204
31.612
23.784
41.0348
41.936
28.92
41.0772
31.3852
35.5964
31.4108
28.9488
37.1388
33.3212
26.6568
33.0432
45.2616
41.9832
46.9592
37.6488
47.7184
31.0716
31.2016
29.2716
40.9968
57.0184
21.676
29.256
26.1564
32.6232
61.0812
30.0704
33.4264
19.6448
48.6568
41.6728
48.22
27.1912
37.4424
41.6548
45.3448
43.1232
42.1104
30.3368
43.6716
57.3004
37.9072
41.864
45.24
56.2036
29.264
35.7876
31.8668
28.0396
31.9536
47.7788
36.8968
42.0248
34.2404
27.5992
37.7476
37.9276
30.4184
37.9644
29.8848
30.0588
27.7432
37.4368
39.4264
28.92
24.8984
24.4876
24.178
25.6076
31.5956
27.43
27.5096
24.7184
