19.9308
22.2588
19.2924
20.8116
19.8516
16.446
17.6028
15.446
19.6276
18.5004
17.592
18.3524
16.7936
28.3016
21.326
20.6732
16.9444
16.8828
17.7428
18.6096
16.1172
19.942
16.802
17.6188
19.7972
16.3316
19.4288
20.5048
14.3264
19.1268
17.6436
22.234
17.1248
17.4216
18.7396
16.3
16.1856
18.3076
14.5452
19.6268
18.9956
18.2536
14.8716
13.288
17.6068
17.8888
15.5264
15.4048
15.7932
17.3776
14.2268
17.9832
13.2192
14.41
14.9508
16.8544
19.1788
19.154
13.8
20.7944
21.2048
13.9144
15.9696
11.6912
13.8856
16.5392
15.7284
15.012
17.2308
16.2716
13.3544
20.2088
16.9908
13.3784
18.8864
19.4744
14.7016
12.5676
16.0392
12.6664
20.0728
14.1092
18.6728
16.0676
15.8564
17.51
16.27
19.3284
14.1248
14.8308
15.0656
13.7452
16.8884
14.0336
19.0424
15.5076
18.8152
16.6288
15.3444
18.076
