14.2444
16.578
22.3352
16.2948
20.5624
17.7788
22.5216
19.022
17.8144
18.0504
23.8056
18.1556
22.5248
18.0928
17.0668
22.1056
16.4716
20.4464
26.5676
22.1496
15.382
20.8308
22.7928
19.5248
14.9268
19.674
22.3748
16.0472
18.3852
26.2608
19.2132
19.5436
23.1112
19.4264
22.104
22.0948
29.362
22.7692
21.4752
25.612
18.1996
25.2028
21.9928
24.026
25.5
26.6116
33.2384
17.5168
30.6108
19.2964
21.0624
18.4256
29.4548
16.87
22.254
34.0976
21.4596
22.7944
27.0296
23.5544
22.856
21.3424
23.4368
27.714
18.444
29.8316
26.3472
18.0472
24.026
18.6952
22.206
12.5448
22.018
25.2272
21.8868
31.9612
26.1968
21.0692
22.2964
21.7576
23.7116
17.408
21.1076
18.7712
23.5868
15.768
22.4216
16.6248
34.2056
19.6408
14.9048
19.6296
23.5564
21.1716
19.882
21.2572
21.388
17.7664
20.3024
23.3196
