50560
35486
50798
54815
39922
45942
42525
32509
51541
54990
49462
52156
42569
58197
40280
55675
47144
48106
52662
52321
46327
47517
69611
56096
55952
45921
57295
38837
51088
32358
45180
49548
49396
50547
44797
66839
71114
51300
56064
53692
44157
47266
55739
84942
61507
56440
48150
67217
77222
54234
75496
77291
61977
71839
60052
86865
50934
69156
58971
69842
98062
50354
55725
48451
53200
79903
47506
50629
54325
80660
49860
50915
55357
117619
55425
51546
124085
50862
46269
113373
51382
71341
43439
81468
51665
47021
62831
39527
42356
59088
38387
49239
42112
44300
46625
44603
34883
44359
41438
44337
