35611
41445
55838
40737
51406
44447
56304
47555
44536
45126
59514
45389
56312
45232
42667
55264
41179
51116
66419
55374
38455
52077
56982
48812
37317
49185
55937
40118
45963
65652
48033
48859
57778
48566
55260
55237
73405
56923
53688
64030
45499
63007
54982
60065
63750
66529
83096
43792
76527
48241
52656
46064
73637
42175
55635
85244
53649
56986
67574
58886
57140
53356
58592
69285
46110
74579
65868
45118
60065
46738
55515
31362
55045
63068
54717
79903
65492
52673
55741
54394
59279
43520
52769
46928
58967
39420
56054
41562
85514
49102
37262
49074
58891
52929
49705
53143
53470
44416
50756
58299
