49827
55647
48231
52029
49629
41115
44007
38615
49069
46251
43980
45881
41984
70754
53315
51683
42361
42207
44357
46524
40293
49855
42005
44047
49493
40829
48572
51262
35816
47817
44109
55585
42812
43554
46849
40750
40464
45769
36363
49067
47489
45634
37179
33220
44017
44722
38816
38512
39483
43444
35567
44958
33048
36025
37377
42136
47947
47885
34500
51986
53012
34786
39924
29228
34714
41348
39321
37530
43077
40679
33386
50522
42477
33446
47216
48686
36754
31419
40098
31666
50182
35273
46682
40169
39641
43775
40675
48321
35312
37077
37664
34363
42221
35084
47606
38769
47038
41572
38361
45190
