-81945.0
-80580.0
-72279.0
-77666.0
-80890.0
-87047.0
-88282.0
-88177.0
-79672.0
-68788.0
-70807.0
-88952.0
-109692.0
-89095.0
-91336.0
-73085.0
-97994.0
-99557.0
-82843.0
-78389.0
-128469.0
-636124.0
-103521.0
-89524.0
-83934.0
-69821.0
-109121.0
-109638.0
-83885.0
-107248.0
-91751.0
-99087.0
-101965.0
-80595.0
-114600.0
-109861.0
-100045.0
-94409.0
-114864.0
-132811.0
-130254.0
-107255.0
-130556.0
-103961.0
-103337.0
-89418.0
-126761.0
-133080.0
-88665.0
-86215.0
-86412.0
-94181.0
-164497.0
-91346.0
-106694.0
-101995.0
-121692.0
-120152.0
-135594.0
-89162.0
-117254.0
-117150.0
-130141.0
-119303.0
-118449.0
-94854.0
-123377.0
-140816.0
-108157.0
-117644.0
-129410.0
-138470.0
-84077.0
-100011.0
-94102.0
-108439.0
-106299.0
-139148.0
-101482.0
-129960.0
-105317.0
-90429.0
-103954.0
-112610.0
-90689.0
-108799.0
-86786.0
-89767.0
-97521.0
-111344.0
-100554.0
-88340.0
-85979.0
-75948.0
-71413.0
-77625.0
-97306.0
-83974.0
-85711.0
-72289.0
