-33471.0
-39178.0
-46697.0
-42807.0
-31152.0
-32395.0
-35815.0
-29297.0
-31302.0
-43919.0
-40179.0
-34274.0
-44260.0
-38784.0
-36810.0
-36641.0
-34598.0
-47180.0
-44204.0
-37666.0
-53225.0
-33534.0
-42450.0
-43414.0
-36534.0
-39728.0
-44918.0
-35262.0
-34623.0
-49910.0
-33999.0
-39702.0
-45612.0
-35585.0
-39078.0
-45523.0
-52097.0
-45037.0
-49600.0
-60301.0
-45406.0
-54901.0
-48600.0
-53673.0
-50309.0
-43581.0
-66046.0
-47482.0
-58043.0
-42543.0
-40880.0
-35952.0
-69386.0
-30948.0
-42248.0
-61351.0
-41603.0
-46327.0
-49236.0
-37376.0
-52197.0
-52171.0
-59400.0
-50493.0
-44504.0
-53859.0
-49164.0
-54266.0
-50117.0
-54358.0
-50883.0
-48880.0
-43481.0
-46901.0
-42223.0
-56230.0
-52494.0
-47848.0
-43318.0
-51804.0
-47985.0
-33436.0
-42233.0
-36748.0
-41639.0
-29878.0
-40394.0
-33269.0
-63411.0
-38097.0
-36570.0
-39634.0
-47867.0
-40263.0
-37620.0
-39538.0
-45465.0
-38536.0
-38204.0
-48658.0
