44289
39019
31782
51045
49146
51311
37639
56116
56113
56031
54301
69796
44034
44320
37952
43608
56667
44036
48812
39819
51372
43772
55676
52691
41904
47248
61268
55317
59191
56657
44567
40994
45830
54969
90455
55780
42844
47369
60549
54677
64807
48046
56853
55367
62304
70127
66257
64857
57206
44298
93305
50589
70206
55245
63760
56946
36765
48742
73834
65360
63200
57774
52059
59997
64933
47244
95731
39510
65685
50838
62897
70789
38569
41977
47334
52368
50153
46907
48076
59990
39453
46388
59882
62496
36492
54048
39897
45159
50400
46255
52703
38254
45434
43179
45653
53160
49460
50667
46424
47286
