-43689.0
-31957.0
-44323.0
-35312.0
-45600.0
-38221.0
-35992.0
-42168.0
-44028.0
-39597.0
-41803.0
-60777.0
-47210.0
-48523.0
-37710.0
-39735.0
-38408.0
-45721.0
-51556.0
-45594.0
-44246.0
-28016.0
-42202.0
-46911.0
-38705.0
-45351.0
-69057.0
-51144.0
-51950.0
-60492.0
-38328.0
-49780.0
-39577.0
-51908.0
-82823.0
-59023.0
-48047.0
-51074.0
-51910.0
-54970.0
-59280.0
-51370.0
-59871.0
-51004.0
-57135.0
-73546.0
-61154.0
-69718.0
-51672.0
-46904.0
-85118.0
-41104.0
-86159.0
-56092.0
-53187.0
-63184.0
-56224.0
-55979.0
-68041.0
-66236.0
-74357.0
-57899.0
-51078.0
-62461.0
-70528.0
-49643.0
-84050.0
-67303.0
-62496.0
-53783.0
-70309.0
-71430.0
-40614.0
-46282.0
-51085.0
-67157.0
-56185.0
-58084.0
-50162.0
-67345.0
-43873.0
-39047.0
-51507.0
-55022.0
-40164.0
-47949.0
-58608.0
-41906.0
-60143.0
-48741.0
-47527.0
-35222.0
-40936.0
-43747.0
-42018.0
-55451.0
-53613.0
-46303.0
-36502.0
-53815.0
