-35961.0
-48647.0
-36620.0
-35701.0
-39124.0
-35098.0
-38441.0
-39260.0
-40970.0
-36677.0
-37196.0
-42256.0
-46902.0
-46389.0
-44895.0
-52783.0
-42930.0
-43706.0
-42267.0
-31955.0
-47711.0
-27949.0
-48500.0
-35648.0
-38232.0
-38699.0
-48665.0
-47927.0
-36367.0
-53961.0
-42249.0
-44372.0
-55737.0
-33279.0
-51369.0
-42412.0
-47319.0
-43121.0
-51614.0
-63672.0
-51918.0
-51488.0
-58893.0
-47506.0
-46110.0
-42375.0
-50320.0
-46392.0
-44910.0
-37665.0
-39244.0
-40943.0
-66330.0
-42257.0
-49261.0
-47517.0
-47175.0
-60302.0
-54023.0
-55688.0
-49650.0
-50598.0
-61818.0
-57246.0
-49160.0
-48886.0
-58574.0
-47693.0
-55085.0
-65867.0
-61810.0
-55566.0
-47994.0
-47393.0
-47952.0
-54631.0
-53623.0
-45260.0
-53337.0
-60110.0
-52896.0
-38835.0
-58462.0
-45688.0
-45606.0
-47452.0
-39389.0
-49871.0
-54460.0
-47479.0
-46683.0
-42915.0
-49505.0
-41050.0
-44299.0
-38100.0
-54160.0
-43090.0
-41613.0
-39935.0
