15.109333333333334
15.798
15.006666666666666
16.99
16.012666666666668
13.354666666666667
12.464666666666666
15.438666666666666
17.293
20.376333333333335
13.136666666666667
20.609333333333332
22.147666666666666
17.292
14.773
12.943
16.344
15.356666666666667
14.312333333333333
15.407
15.435
15.764666666666667
17.223333333333333
14.174666666666667
17.352
21.48966666666667
17.881
17.050333333333334
18.247666666666667
17.164
10.663
15.697
16.827
17.777666666666665
14.935
18.52166666666667
17.971
18.342333333333332
14.007333333333333
15.580666666666668
19.761666666666667
15.575
18.304666666666666
19.154
16.575666666666667
18.337333333333333
15.286
16.572333333333333
16.758666666666667
15.604666666666667
