14.853666666666667
15.197333333333333
13.847666666666667
12.994666666666667
16.654
17.954333333333334
13.216333333333333
14.709666666666667
15.595666666666666
16.111666666666668
19.075666666666667
22.445666666666668
14.837666666666667
17.593666666666667
16.111
16.245333333333335
16.127333333333333
12.571666666666667
15.983
13.554
14.473
18.155666666666665
21.087666666666667
14.205666666666668
18.573333333333334
16.286666666666665
14.962666666666667
18.634
16.558
14.561666666666667
17.727333333333334
18.332
18.958
23.505
21.608666666666668
21.618
17.842
20.150333333333332
16.592666666666666
20.173666666666666
22.147333333333332
19.248
16.104333333333333
25.055333333333333
15.088666666666667
17.986333333333334
15.299
16.035
21.999
15.764
