14.657333333333334
12.948666666666666
15.923
17.737333333333332
19.871666666666666
16.239
14.356666666666667
19.320333333333334
13.906
16.733333333333334
18.572333333333333
14.703666666666667
14.256333333333334
13.829
12.289333333333333
10.035333333333334
16.116
13.868
11.993
16.388
19.599
14.816666666666666
12.324333333333334
26.078666666666667
13.118333333333334
19.134333333333334
17.779333333333334
12.636333333333333
15.664666666666667
20.279666666666667
18.048
17.059
11.731666666666667
13.705333333333334
16.143333333333334
13.464333333333334
16.148333333333333
14.643
17.583333333333332
16.541
13.332333333333333
10.790666666666667
13.511
13.369666666666667
13.071666666666667
12.056
14.370333333333333
12.587333333333333
16.354666666666667
14.425333333333333
