24.940333333333335
23.433666666666667
28.583666666666666
29.604
22.63
21.326666666666668
28.395
21.56
25.541
26.096
21.411333333333335
19.182333333333332
22.823
33.57333333333333
28.645666666666667
27.003
22.408
31.725666666666665
32.065
26.425666666666668
21.624
22.302333333333333
21.787666666666667
27.714333333333332
34.55833333333333
20.916
26.198
26.57133333333333
22.452333333333332
16.300333333333334
30.977666666666668
34.74766666666667
24.863666666666667
22.384666666666668
24.968
30.388
20.416666666666668
20.394
21.554
22.958333333333332
17.800666666666668
21.582
19.181333333333335
23.371333333333332
21.501333333333335
19.974333333333334
26.024
16.917666666666666
22.656333333333333
19.424
