13.388
15.266333333333334
16.581333333333333
13.143666666666666
11.792
18.567333333333334
16.262333333333334
11.627
13.733333333333333
15.840333333333334
12.810666666666666
12.35
13.906666666666666
15.258666666666667
22.998
25.412
17.600666666666665
18.304666666666666
13.137333333333334
25.334
20.719
15.553333333333333
20.117
20.500666666666667
19.565
27.347
19.221333333333334
13.621666666666666
21.952
15.369666666666667
22.772333333333332
13.838666666666667
17.003
23.906
21.685
14.25
14.379666666666667
14.458
13.637666666666666
12.602
18.745666666666665
19.196
13.192
17.847333333333335
14.836666666666666
15.331
15.121666666666666
16.891333333333332
14.185333333333332
15.203333333333333
